685
832
1429
1311
1333
1590
1631
1915
2548
2150
2280
2394
2447
2714
3040
3135
3239
3592
4205
3919
4008
4491
4582
4314
4890
4873
4584
4909
5489
5109
5700
5234
6439
5803
6631
6942
6870
6232
7198
7407
6944
7665
7954
8452
8433
7989
8738
8514
8583
8797
9650
9058
9684
9921
9429
10484
9955
10707
10117
11055
10495
11346
10700
11166
11212
11798
11846
11649
12063
11533
12297
12099
12527
12212
12065
12522
12902
13273
13187
13026
13313
13566
13893
13645
13549
14136
13991
14475
14369
14630
15199
14815
14754
15099
15150
15540
15343
15708
15535
15728
16628
16506
16641
16915
17213
17702
17611
17755
17907
18401
18014
18223
