389
555
469
644
844
770
1249
1509
1300
1272
1261
1615
1374
1700
1931
1732
1527
2307
2255
2002
2551
2374
2177
2761
2738
3093
3020
2744
3180
2996
3612
3322
3135
3424
3387
4024
4169
3521
3907
3694
4314
3669
4021
4868
4167
4674
4812
4763
5636
4815
4759
6038
5791
5521
5416
5778
5743
6169
6311
5771
6768
6648
6692
6290
6869
6844
6573
6300
7502
6701
7619
7557
7634
7224
7328
8455
7728
8225
8375
7753
8105
8914
8052
8957
9237
9354
8365
8710
9308
8827
8843
9622
10064
9723
9515
10144
9701
9229
9843
10239
10339
10445
9785
10751
10836
10874
11074
10328
10735
11377
11249
11297
11685
11664
10983
11915
12020
11500
